0.20794346
4.2845457
1.0004564
4.3982633
2.0545256
1.8773196
3.0568735
3.3700626
0.1969276
0.63616477
2.7474791
1.2792138
3.7121339
1.5507183
0.67158544
4.8752182
4.3041757
-0.3224031
0.97353086
-0.1040502
-0.1040502
3.6735967
2.7709071
2.9056949
0.85157432
1.8982985
1.8657081
1.100052
1.0931155
1.0442267
3.4060004
1.0189675
3.7975792
4.1409153
0.31346184
1.3023476
-1.0512729
9.1849325
-1.1076978
-1.1076978
0.28387257
2.0131347
1.0003175
2.5738319
0.99944493
2.079111
3.1349897
1.1501418
3.8060964
2.079111
1.9628951
2.7208791
4.2025784
-1.7345202
7.6714938
0.835248
3.1476473
3.1571835
4.6919853
3.7771536
4.2262782
1.4957483
0.25847828
1.4944202
4.2025784
0.036069009
1.2049583
1.0243544
1.3794165
0.67002072
0.50840801
0.977723
1.3794165
1.3794165
0.88293019
-1.1704534
0.99977105
2.1955592
0.51957864
2.6269849
2.1955592
0.37751253
2.1955592
4.1581394
4.2974793
1.0676482
5.225782
0.99968641
4.2711583
0.48042896
0.9684671
1.2232118
2.2947325
7.7733886
3.6632535
0.80561316
1.8695613
-0.90821749
4.1809923
1.2399401
2.4569384
3.038396
0.83470991
2.5629195
2.6102423
0.99908442
2.8435387
1.1523841
2.5257399
-0.50513524
1.000867
-0.84604278
0.57130484
1
0.80491195
4.2614222
1.2264769
0.882707
1.0005012
1.5157679
0.99498503
0.87638463
0.83297384
1.1462315
-0.50371759
1.5046818
-1.171664
-0.50371759
-1.171664
4.1391249
5.2935672
0.80736982
4.052869
1.4955994
1.0005644
0.72565797
-0.0036141001
1.7776374
1.4022871
2.0448648
1.0001628
0.72565797
0.37973735
1.1512716
0.96900752
0.72565797
2.0104714
3.0633469
4.5535956
1.0001628
-0.091508471
2.0448648
1.0001628
1.4022871
-1.8335001
0.72565797
1.1490293
1.2262814
1.0005644
1.3298349
2.6012712
2.2296488
-1.419191
-1.2893017
-1.8267042
-1.7061488
-1.5928143
-0.73343137
-2.7115829
-0.74353772
-2.7315828
-1.5633632
-2.7072015
-0.93581843
-0.35099236
-1.0006561
-1.5679016
-1.7931579
-3.037128
-1.5112717
-1.0004418
-1.865448
-1.1744408
-1.0630286
-1.489362
-1.3032359
-0.80949774
-1.174718
-0.84381782
-0.97773317
-1.7844949
-1.6009389
-1.9354542
-1.444265
-1.2925916
-1.7736038
-1.5200321
-0.069755264
-0.60641621
-1.0963879
-1.761797
-2.9382517
-1.008653
-2.1110112
-1.5610466
-1.6435546
-1.5355253
-1.6554367
-2.7303199
-1.3659813
-2.4957232
-1.4454696
-1.5532457
2.8880039
-1.1483601
-1.4864533
2.616902
-1.5112298
-1.6613607
-1.5083429
-1.0027648
-1.7368685
-1.4440619
-1.5862834
-1.5217122
-0.028460326
-1.5217122
-1.5780334
-1.5217122
-2.5310777
-1.5078977
-1.2528053
-0.59048592
-2.8530618
-2.3493323
-1.0001489
-3.2530981
-1.0001489
-1.5116046
-1.1970603
-1.2767758
-1.8463905
-0.45616068
-2.4060375
-1.9117221
-2.1749632
-2.8043815
0.082951716
-1.2854503
-0.75575254
-1.5758938
-1.0251468
0.26786916
-1.0696181
-1.4046198
-2.7924601
-1.3789422
-1.0139179
-0.99952931
-1.5403459
-1.0006004
-1.4943774
-0.19698831
-0.46537549
-1.3987892
-1.7051728
-1.5948985
-0.73198022
-2.0211339
-1.7317451
-1.4885013
-3.4220063
-1.4742597
-1.807394
-1.7107266
-1.0002596
-2.249431
0.19378158
-0.93732235
-1.9354542
-1.571198
-2.1265769
-1.1593802
-1.1233615
-1.0007706
-1.6755687
-1.2365113
-2.8979376
4.5011409
-1.1478577
-1.2310498
-1.1891788
-1.1654787
-3.7272989
-1.9962489
-1.2730253
-2.0251943
-1.2168149
-0.65385347
-0.81344195
-1.6563748
-0.67412468
-1.353674
-4.7984573
-1.8906793
-1.6538308
-2.5864265
-1.0945956
-0.64818484
-2.1234579
-1.9102439
0.017734172
-2.5045016
-2.7545904
-2.5061398
-2.6383771
-1.7780135
-1.4825008
-1
-2.505574
-1.9354542
-1.2906689
-1.3566677
-4.2583908
-1.9152748
-1.4169925
-5.7087853
-1.3559764
-1.5033698
-0.54864374
-1.4538118
-1.4842713
-1.0001489
-2.6687242
-1.4616542
-1.3649941
-1.3666463
-2.2721227
-0.4404847
-0.94838212
-2.3670632
-1.6779071
-4.0396738
-1.808565
-1.935647
-1.4289456
-1.5762458
-1.9038106
-1.2600166
-1.7486152
-1.9869873
-1.706981
-1.6389829
-2.0751896
-2.0659002
-1.0649329
-0.62900329
-1.9215575
-2.6563156
-1.9148202
-0.99978939
-1.3618439
-1.3318965
-1.1722174
-1.2937625
-0.51926456
-4.7740881
0.56960767
-2.2668375
-1.1243868
-1.4740548
-1.3800011
-2.6687242
-0.10093573
-0.79183018
-1.0980826
-1.4461713
-0.1639525
-1.0887421
-1.7208433
-1.7986539
-3.1716149
-5.7087853
-2.3815864
-1.1705795
-1.1979375
0.17659273
-1.7426696
-2.1226794
-1.4681912
-0.90090699
-1.8117772
-5.5152813
-5.5173505
-5.5173505
-0.43728592
0.064821949
-1.5737391
-1.6747447
-1.204518
-2.8828429
-2.8585601
-0.8859034
-1.6430066
-1.8868185
-1.1730607
-1.3667246
-2.7158581
-2.289612
-2.3153147
-1.7539486
-1.5305882
-3.0219269
-1.9156045
-2.1372902
-1.776166
-1.1024504
-3.8322125
-1.0860621
-0.84255387
-1.3479053
-1.9356695
-1.7098251
-2.3153319
-2.8723704
-4.7503382
-2.789216
-1.336434
-1.7231154
-2.0520422
-0.99997892
-1.4455639
-0.94787256
-1.7193795
-1.7151904
-1.9533818
-1.3268455
-1.5073615
-1.1310911
-2.4267972
-0.80298709
0.54783295
-3.9575842
-1.2826065
-2.1927168
-0.95159805
-0.73789786
-0.66680153
-5.7087853
-1.3821578
-0.99905783
-1.5036591
-2.0423487
-1.8174603
-2.5154556
-1.6265822
-1.6556252
-0.56575393
-1.0008321
-0.5626544
0.66878616
-1.8396841
-1.0004356
-1.3318371
-0.80746596
-1.1159791
-0.99979231
-1.7147855
-2.0431113
-1
-1.0577123
-2.7811513
-2.1539248
-1.5267008
-2.0869825
-2.1724232
-1.2498188
0.14226878
-1.3194522
-1.4024981
-1.4024981
-1.4024981
-1.4024981
-1.2944836
-1.3997345
-1.5301741
-1.1474064
-1.1990861
-1.2449691
-1.91755
-1.0007091
-2.0901175
-1.708896
-2.4422569
-2.3112257
-1.2071523
-1.8917948
-1.3661303
-1.9470211
-2.6671965
-2.9523582
-1.5599867
-1
-1.1756388
-1.4636306
-1.0006004
-1.7438891
0.51868991
-1.3591738
-3.2920356
-1.8936444
-1.9713494
-1.839878
-1.7205858
-2.0161888
-2.5589106
-1.0835977
-1.7709876
-1.1735661
-1.0338683
-1.0002705
-2.6851142
-2.0523646
-0.88189434
-1.4902167
-1.5077193
